0.0
29.95000000000046
29.900000000000418
29.850000000000286
29.80000000000011
29.75
29.700000000000067
29.750000000000114
29.999999999999893
29.849999999999962
29.5
29.750000000000032
29.40000000000007
29.450000000000067
29.899999999999984
29.25
29.59999999999998
29.75000000000005
29.69999999999996
29.450000000000017
29.0
29.550000000000008
29.70000000000004
28.95000000000003
29.999999999999986
28.75
29.89999999999999
28.949999999999974
29.399999999999977
29.549999999999997
28.5
29.45
29.59999999999998
28.65000000000002
28.899999999999995
29.75
29.400000000000006
28.549999999999976
28.49999999999998
29.250000000000004
30.0
29.250000000000014
28.499999999999986
27.94999999999999
28.600000000000012
29.25
29.899999999999988
29.44999999999998
28.80000000000002
28.14999999999999
27.5
28.049999999999994
28.600000000000016
29.149999999999984
29.70000000000002
29.75
29.20000000000002
28.64999999999999
28.10000000000001
27.549999999999983
27.0
27.44999999999998
27.900000000000006
28.349999999999994
28.800000000000015
29.25
29.699999999999985
29.849999999999987
29.400000000000013
28.949999999999985
28.5
28.05000000000001
27.599999999999987
27.150000000000013
26.69999999999999
26.25
26.599999999999987
26.95000000000001
27.29999999999999
27.650000000000013
28.0
28.34999999999999
28.70000000000001
29.04999999999999
29.40000000000001
29.75
29.90000000000001
29.54999999999999
29.20000000000001
28.84999999999999
28.5
28.15000000000001
27.79999999999999
27.45000000000001
27.099999999999994
26.75
26.400000000000006
26.049999999999997
25.700000000000003
25.349999999999994
25.0
25.249999999999993
25.5
25.75
26.000000000000007
26.25
26.499999999999993
26.750000000000007
26.999999999999993
27.250000000000007
27.5
27.749999999999993
28.000000000000007
28.249999999999993
28.500000000000004
28.75
28.999999999999996
29.250000000000007
29.499999999999993
29.750000000000004
30.0
29.750000000000004
29.499999999999993
29.250000000000007
28.999999999999996
28.75
28.500000000000004
28.249999999999993
28.000000000000007
27.749999999999993
27.5
27.250000000000007
26.999999999999993
26.750000000000007
26.499999999999993
26.25
26.000000000000007
25.749999999999993
25.500000000000007
25.249999999999993
25.0
24.75
24.5
24.25
24.0
23.75
23.5
23.25
23.0
22.75
22.5
22.65
22.799999999999997
22.950000000000003
23.1
23.25
23.4
23.549999999999997
23.700000000000003
23.85
24.0
24.150000000000006
24.300000000000004
24.449999999999996
24.599999999999994
24.75
24.900000000000006
25.050000000000004
25.199999999999996
25.349999999999994
25.5
25.650000000000006
25.800000000000004
25.949999999999996
26.099999999999994
26.25
26.400000000000006
26.550000000000004
26.699999999999996
26.849999999999994
27.0
27.150000000000006
27.300000000000004
27.449999999999996
27.599999999999994
27.75
27.900000000000006
28.050000000000004
28.199999999999996
28.349999999999998
28.5
28.650000000000002
28.800000000000004
28.949999999999996
29.099999999999998
29.25
29.400000000000002
29.550000000000004
29.699999999999996
29.849999999999998
30.0
29.849999999999998
29.699999999999996
29.550000000000004
29.400000000000002
29.25
29.099999999999998
28.949999999999996
28.800000000000004
28.650000000000002
28.5
28.349999999999998
28.199999999999996
28.050000000000004
27.900000000000006
27.75
27.599999999999994
27.449999999999996
27.300000000000004
27.150000000000006
27.0
26.849999999999994
26.699999999999996
26.550000000000004
26.400000000000006
26.25
26.099999999999994
25.949999999999996
25.800000000000004
25.650000000000006
25.5
25.349999999999994
25.199999999999996
25.050000000000004
24.900000000000006
24.75
24.599999999999994
24.449999999999996
24.300000000000004
24.150000000000006
24.0
23.849999999999994
23.699999999999996
23.550000000000004
23.400000000000006
23.25
23.099999999999994
22.949999999999996
22.800000000000004
22.650000000000006
22.5
22.349999999999994
22.199999999999996
22.050000000000004
21.900000000000006
21.75
21.599999999999994
21.449999999999996
21.300000000000004
21.150000000000006
21.0
20.849999999999994
20.699999999999996
20.550000000000004
20.400000000000006
20.25
20.099999999999994
19.949999999999996
19.800000000000004
19.650000000000006
19.5
19.349999999999994
19.199999999999996
19.050000000000004
18.900000000000006
18.75
18.599999999999994
18.449999999999996
18.300000000000004
18.150000000000006
18.0
17.849999999999994
17.700000000000003
17.549999999999997
17.400000000000006
17.25
17.099999999999994
16.950000000000003
16.799999999999997
16.650000000000006
16.5
16.349999999999994
16.200000000000003
16.049999999999997
15.900000000000006
15.75
15.599999999999994
15.450000000000003
15.299999999999997
15.150000000000006
15.0
15.049999999999997
15.099999999999994
15.150000000000006
15.200000000000003
15.25
15.299999999999997
15.349999999999994
15.400000000000006
15.450000000000003
15.5
15.549999999999997
15.599999999999994
15.650000000000006
15.700000000000003
15.75
15.799999999999997
15.849999999999994
15.900000000000006
15.950000000000003
16.0
16.05000000000001
16.1
16.15
16.19999999999999
16.25
16.30000000000001
16.35
16.4
16.44999999999999
16.5
16.55000000000001
16.6
16.65
16.69999999999999
16.75
16.80000000000001
16.85
16.9
16.94999999999999
17.0
17.05000000000001
17.1
17.15
17.19999999999999
17.25
17.30000000000001
17.35
17.4
17.44999999999999
17.5
17.55000000000001
17.6
17.65
17.69999999999999
17.75
17.80000000000001
17.85
17.9
17.94999999999999
18.0
18.05000000000001
18.1
18.15
18.19999999999999
18.25
18.30000000000001
18.35
18.4
18.44999999999999
18.5
18.55000000000001
18.6
18.65
18.69999999999999
18.75
18.80000000000001
18.85
18.9
18.94999999999999
19.0
19.05000000000001
19.1
19.15
19.19999999999999
19.25
19.30000000000001
19.35
19.4
19.44999999999999
19.5
19.55000000000001
19.6
19.65
19.69999999999999
19.75
19.80000000000001
19.85
19.9
19.94999999999999
20.0
20.05000000000001
20.1
20.15
20.19999999999999
20.25
20.30000000000001
20.35
20.4
20.44999999999999
20.5
20.55000000000001
20.6
20.65
20.69999999999999
20.75
20.80000000000001
20.85
20.9
20.94999999999999
21.0
21.05000000000001
21.1
21.15
21.19999999999999
21.25
21.30000000000001
21.35
21.4
21.44999999999999
21.5
21.55000000000001
21.6
21.65
21.69999999999999
21.75
21.80000000000001
21.85
21.9
21.94999999999999
22.0
22.05000000000001
22.1
22.15
22.19999999999999
22.25
22.30000000000001
22.35
22.4
22.44999999999999
22.5
22.55000000000001
22.6
22.65
22.69999999999999
22.75
22.80000000000001
22.85
22.9
22.94999999999999
23.0
23.05000000000001
23.1
23.15
23.19999999999999
23.25
23.30000000000001
23.35
23.4
23.44999999999999
23.5
23.55000000000001
23.6
23.65
23.69999999999999
23.75
23.80000000000001
23.85
23.9
23.94999999999999
24.0
24.05000000000001
24.1
24.15
24.19999999999999
24.25
24.30000000000001
24.35
24.4
24.44999999999999
24.5
24.55000000000001
24.6
24.65
24.69999999999999
24.75
24.80000000000001
24.85
24.9
24.94999999999999
25.0
25.05000000000001
25.1
25.15
25.19999999999999
25.25
25.30000000000001
25.35
25.4
25.44999999999999
25.5
25.55000000000001
25.6
25.65
25.69999999999999
25.75
25.80000000000001
25.85
25.9
25.94999999999999
26.0
26.05000000000001
26.1
26.15
26.19999999999999
26.25
26.30000000000001
26.35
26.4
26.44999999999999
26.5
26.55000000000001
26.6
26.65
26.69999999999999
26.75
26.80000000000001
26.85
26.9
26.94999999999999
27.0
27.05000000000001
27.1
27.15
27.19999999999999
27.25
27.30000000000001
27.35
27.4
27.44999999999999
27.5
27.55000000000001
27.6
27.65
27.69999999999999
27.75
27.80000000000001
27.85
27.9
27.94999999999999
28.0
28.05
28.1
28.15
28.2
28.25
28.3
28.35
28.4
28.45
28.5
28.55
28.6
28.65
28.7
28.75
28.8
28.85
28.9
28.95
29.0
29.05
29.1
29.15
29.2
29.25
29.3
29.35
29.4
29.45
29.5
29.55
29.6
29.65
29.7
29.75
29.8
29.85
29.9
29.95
30.0
29.95
29.9
29.85
29.8
29.75
29.7
29.65
29.6
29.55
29.5
29.45
29.4
29.35
29.3
29.25
29.2
29.15
29.1
29.05
29.0
28.95
28.9
28.85
28.8
28.75
28.7
28.65
28.6
28.55
28.5
28.45
28.4
28.35
28.3
28.25
28.2
28.15
28.1
28.05
28.0
27.950000000000003
27.9
27.85
27.799999999999997
27.75
27.700000000000003
27.65
27.6
27.549999999999997
27.5
27.450000000000003
27.4
27.35
27.299999999999997
27.25
27.200000000000003
27.15
27.1
27.049999999999997
27.0
26.950000000000003
26.9
26.85
26.799999999999997
26.75
26.700000000000003
26.65
26.6
26.549999999999997
26.5
26.450000000000003
26.4
26.35
26.299999999999997
26.25
26.200000000000003
26.15
26.1
26.049999999999997
26.0
25.950000000000003
25.9
25.85
25.799999999999997
25.75
25.700000000000003
25.65
25.6
25.549999999999997
25.5
25.450000000000003
25.4
25.35
25.299999999999997
25.25
25.200000000000003
25.15
25.1
25.049999999999997
25.0
24.950000000000003
24.9
24.85
24.799999999999997
24.75
24.700000000000003
24.65
24.6
24.549999999999997
24.5
24.450000000000003
24.4
24.35
24.299999999999997
24.25
24.200000000000003
24.15
24.1
24.049999999999997
24.0
23.950000000000003
23.9
23.85
23.799999999999997
23.75
23.700000000000003
23.65
23.6
23.549999999999997
23.5
23.450000000000003
23.4
23.35
23.299999999999997
23.25
23.200000000000003
23.15
23.1
23.049999999999997
23.0
22.950000000000003
22.9
22.85
22.799999999999997
22.75
22.700000000000003
22.65
22.6
22.549999999999997
22.5
22.450000000000003
22.4
22.35
22.299999999999997
22.25
22.200000000000003
22.15
22.1
22.049999999999997
22.0
21.950000000000003
21.9
21.85
21.799999999999997
21.75
21.700000000000003
21.65
21.6
21.549999999999997
21.5
21.450000000000003
21.4
21.35
21.299999999999997
21.25
21.200000000000003
21.15
21.1
21.049999999999997
21.0
20.950000000000003
20.9
20.85
20.799999999999997
20.75
20.700000000000003
20.65
20.6
20.549999999999997
20.5
20.450000000000003
20.4
20.35
20.299999999999997
20.25
20.200000000000003
20.15
20.1
20.049999999999997
20.0
19.950000000000003
19.9
19.85
19.799999999999997
19.75
19.700000000000003
19.65
19.6
19.549999999999997
19.5
19.450000000000003
19.4
19.35
19.299999999999997
19.25
19.200000000000003
19.15
19.1
19.049999999999997
19.0
18.950000000000003
18.9
18.85
18.799999999999997
18.75
18.700000000000003
18.65
18.6
18.549999999999997
18.5
18.450000000000003
18.4
18.35
18.299999999999997
18.25
18.200000000000003
18.15
18.1
18.049999999999997
18.0
17.950000000000003
17.9
17.85
17.799999999999997
17.75
17.700000000000003
17.65
17.6
17.549999999999997
17.5
17.450000000000003
17.4
17.35
17.299999999999997
17.25
17.200000000000003
17.15
17.1
17.049999999999997
17.0
16.950000000000003
16.9
16.85
16.799999999999997
16.75
16.700000000000003
16.65
16.6
16.549999999999997
16.5
16.450000000000003
16.4
16.35
16.299999999999997
16.25
16.200000000000003
16.15
16.1
16.049999999999997
16.0
15.950000000000003
15.899999999999999
15.850000000000001
15.799999999999997
15.75
15.700000000000003
15.649999999999999
15.600000000000001
15.549999999999997
15.5
15.450000000000003
15.399999999999999
15.350000000000001
15.299999999999997
15.25
15.200000000000003
15.149999999999999
15.100000000000001
15.049999999999997
15.0
14.950000000000003
14.899999999999999
14.850000000000001
14.799999999999997
14.75
14.700000000000003
14.649999999999999
14.600000000000001
14.549999999999997
14.5
14.450000000000003
14.399999999999999
14.350000000000001
14.299999999999997
14.25
14.200000000000003
14.149999999999999
14.100000000000001
14.049999999999997
14.0
13.950000000000003
13.899999999999999
13.850000000000001
13.799999999999997
13.75
13.700000000000003
13.649999999999999
13.600000000000001
13.549999999999997
13.5
13.450000000000003
13.399999999999999
13.350000000000001
13.299999999999997
13.25
13.200000000000003
13.149999999999999
13.100000000000001
13.049999999999997
13.0
12.950000000000003
12.899999999999999
12.850000000000001
12.799999999999997
12.75
12.700000000000003
12.649999999999999
12.600000000000001
12.549999999999997
12.5
12.450000000000003
12.399999999999999
12.350000000000001
12.299999999999997
12.25
12.200000000000003
12.149999999999999
12.100000000000001
12.049999999999997
12.0
11.950000000000003
11.899999999999999
11.850000000000001
11.799999999999997
11.75
11.700000000000003
11.649999999999999
11.600000000000001
11.549999999999997
11.5
11.450000000000003
11.399999999999999
11.350000000000001
11.299999999999997
11.25
11.200000000000003
11.149999999999999
11.100000000000001
11.049999999999997
11.0
10.950000000000003
10.899999999999999
10.850000000000001
10.799999999999997
10.75
10.700000000000003
10.649999999999999
10.600000000000001
10.549999999999997
10.5
10.450000000000003
10.399999999999999
10.350000000000001
10.299999999999997
10.25
10.200000000000003
10.149999999999999
10.100000000000001
10.049999999999997
10.0
9.950000000000003
9.899999999999999
9.850000000000001
9.799999999999997
9.75
9.700000000000003
9.649999999999999
9.600000000000001
9.549999999999997
9.5
9.450000000000003
9.399999999999999
9.350000000000001
9.299999999999997
9.25
9.200000000000003
9.149999999999999
9.100000000000001
9.049999999999997
9.0
8.950000000000003
8.899999999999999
8.850000000000001
8.799999999999997
8.75
8.700000000000003
8.649999999999999
8.600000000000001
8.549999999999997
8.5
8.450000000000003
8.399999999999999
8.350000000000001
8.299999999999997
8.25
8.200000000000003
8.149999999999999
8.100000000000001
8.049999999999997
8.0
7.950000000000003
7.899999999999999
7.850000000000001
7.799999999999997
7.75
7.700000000000003
7.649999999999999
7.600000000000001
7.549999999999997
7.5
7.450000000000003
7.399999999999999
7.350000000000001
7.299999999999997
7.25
7.200000000000003
7.149999999999999
7.100000000000001
7.049999999999997
7.0
6.950000000000003
6.899999999999999
6.850000000000001
6.799999999999997
6.75
6.700000000000003
6.649999999999999
6.600000000000001
6.549999999999997
6.5
6.450000000000003
6.399999999999999
6.350000000000001
6.299999999999997
6.25
6.200000000000003
6.149999999999999
6.100000000000001
6.049999999999997
6.0
5.950000000000003
5.899999999999999
5.850000000000001
5.799999999999997
5.75
5.700000000000003
5.649999999999999
5.600000000000001
5.549999999999997
5.5
5.450000000000003
5.399999999999999
5.350000000000001
5.299999999999997
5.25
5.200000000000003
5.149999999999999
5.100000000000001
5.049999999999997
5.0
4.950000000000003
4.899999999999999
4.850000000000001
4.799999999999997
4.75
4.700000000000003
4.649999999999999
4.600000000000001
4.549999999999997
4.5
4.450000000000003
4.399999999999999
4.350000000000001
4.299999999999997
4.25
4.200000000000003
4.149999999999999
4.100000000000001
4.049999999999997
4.0
3.950000000000003
3.8999999999999986
3.8500000000000014
3.799999999999997
3.75
3.700000000000003
3.6499999999999986
3.6000000000000014
3.549999999999997
3.5
3.450000000000003
3.3999999999999986
3.3500000000000014
3.299999999999997
3.25
3.200000000000003
3.1499999999999986
3.1000000000000014
3.049999999999997
3.0
2.950000000000003
2.8999999999999986
2.8500000000000014
2.799999999999997
2.75
2.700000000000003
2.6499999999999986
2.6000000000000014
2.549999999999997
2.5
2.450000000000003
2.3999999999999986
2.3500000000000014
2.299999999999997
2.25
2.200000000000003
2.1499999999999986
2.1000000000000014
2.049999999999997
2.0
1.9500000000000028
1.8999999999999986
1.8500000000000014
1.7999999999999972
1.75
1.7000000000000028
1.6499999999999986
1.6000000000000014
1.5499999999999972
1.5
1.4500000000000028
1.3999999999999986
1.3500000000000014
1.2999999999999972
1.25
1.2000000000000028
1.1499999999999986
1.1000000000000014
1.0499999999999972
1.0
0.9500000000000028
0.8999999999999986
0.8500000000000014
0.7999999999999972
0.75
0.7000000000000028
0.6499999999999986
0.6000000000000014
0.5499999999999972
0.5
0.45000000000000284
0.3999999999999986
0.3500000000000014
0.29999999999999716
0.25
0.20000000000000284
0.14999999999999858
0.10000000000000142
0.04999999999999716
0.0
